hibernate-community-dialects/org/hibernate/community/dialect/CockroachLegacyDialect.java,417,pmd:NcssCount
hibernate-community-dialects/org/hibernate/community/dialect/DB2LegacyDialect.java,314,pmd:NcssCount
hibernate-community-dialects/org/hibernate/community/dialect/DB2LegacyDialect.java,617,pmd:NcssCount
hibernate-community-dialects/org/hibernate/community/dialect/DerbyDialect.java,750,pmd:NcssCount
hibernate-community-dialects/org/hibernate/community/dialect/DerbyLegacyDialect.java,736,pmd:NcssCount
hibernate-community-dialects/org/hibernate/community/dialect/FirebirdDialect.java,281,pmd:NcssCount
hibernate-community-dialects/org/hibernate/community/dialect/GaussDBFunctionRegistry.java,46,pmd:NcssCount
hibernate-community-dialects/org/hibernate/community/dialect/H2LegacyDialect.java,326,pmd:NcssCount
hibernate-community-dialects/org/hibernate/community/dialect/HANALegacyDialect.java,417,pmd:NcssCount
hibernate-community-dialects/org/hibernate/community/dialect/HANALegacyDialect.java,709,pmd:NcssCount
hibernate-community-dialects/org/hibernate/community/dialect/HSQLLegacyDialect.java,193,pmd:NcssCount
hibernate-community-dialects/org/hibernate/community/dialect/MySQLLegacyDialect.java,596,pmd:NcssCount
hibernate-community-dialects/org/hibernate/community/dialect/OracleLegacyDialect.java,273,pmd:NcssCount
hibernate-community-dialects/org/hibernate/community/dialect/OracleLegacyDialect.java,498,pmd:NcssCount
hibernate-community-dialects/org/hibernate/community/dialect/OracleLegacySqlAstTranslator.java,551,pmd:NcssCount
hibernate-community-dialects/org/hibernate/community/dialect/PostgreSQLLegacyDialect.java,591,pmd:NcssCount
hibernate-community-dialects/org/hibernate/community/dialect/SQLServerLegacyDialect.java,390,pmd:NcssCount
hibernate-community-dialects/org/hibernate/community/dialect/SingleStoreDialect.java,557,pmd:NcssCount
hibernate-community-dialects/org/hibernate/community/dialect/SybaseASELegacyDialect.java,309,pmd:NcssCount
hibernate-community-dialects/org/hibernate/community/dialect/SybaseASELegacySqlAstTranslator.java,311,pmd:NcssCount
hibernate-core/org/hibernate/action/internal/EntityUpdateAction.java,65,pmd:ExcessiveParameterList
hibernate-core/org/hibernate/boot/internal/MetadataImpl.java,97,pmd:ExcessiveParameterList
hibernate-core/org/hibernate/boot/internal/NamedHqlQueryDefinitionImpl.java,29,pmd:ExcessiveParameterList
hibernate-core/org/hibernate/boot/internal/NamedNativeQueryDefinitionImpl.java,31,pmd:ExcessiveParameterList
hibernate-core/org/hibernate/boot/internal/SessionFactoryOptionsBuilder.java,264,pmd:NcssCount
hibernate-core/org/hibernate/boot/jaxb/hbm/transform/HbmXmlTransformer.java,355,pmd:NcssCount
hibernate-core/org/hibernate/boot/jaxb/hbm/transform/HbmXmlTransformer.java,1293,pmd:NcssCount
hibernate-core/org/hibernate/boot/jaxb/internal/stax/LocalXmlResourceResolver.java,34,pmd:NcssCount
hibernate-core/org/hibernate/boot/model/internal/AnnotatedColumn.java,276,pmd:ExcessiveParameterList
hibernate-core/org/hibernate/boot/model/internal/AnnotatedColumn.java,832,pmd:ExcessiveParameterList
hibernate-core/org/hibernate/boot/model/internal/BinderHelper.java,422,pmd:NcssCount
hibernate-core/org/hibernate/boot/model/internal/BinderHelper.java,716,pmd:ExcessiveParameterList
hibernate-core/org/hibernate/boot/model/internal/CollectionBinder.java,437,pmd:ExcessiveParameterList
hibernate-core/org/hibernate/boot/model/internal/CollectionBinder.java,1895,pmd:NcssCount
hibernate-core/org/hibernate/boot/model/internal/EmbeddableBinder.java,88,pmd:ExcessiveParameterList
hibernate-core/org/hibernate/boot/model/internal/EmbeddableBinder.java,130,pmd:ExcessiveParameterList
hibernate-core/org/hibernate/boot/model/internal/EmbeddableBinder.java,183,pmd:ExcessiveParameterList
hibernate-core/org/hibernate/boot/model/internal/EmbeddableBinder.java,240,pmd:ExcessiveParameterList
hibernate-core/org/hibernate/boot/model/internal/EmbeddableBinder.java,277,pmd:ExcessiveParameterList
hibernate-core/org/hibernate/boot/model/internal/EmbeddableBinder.java,381,pmd:ExcessiveParameterList
hibernate-core/org/hibernate/boot/model/internal/EmbeddableBinder.java,415,pmd:ExcessiveParameterList
hibernate-core/org/hibernate/boot/model/internal/OneToOneSecondPass.java,46,pmd:ExcessiveParameterList
hibernate-core/org/hibernate/boot/model/internal/PropertyBinder.java,1064,pmd:ExcessiveParameterList
hibernate-core/org/hibernate/boot/model/internal/PropertyBinder.java,1168,pmd:ExcessiveParameterList
hibernate-core/org/hibernate/boot/model/internal/TableBinder.java,478,pmd:ExcessiveParameterList
hibernate-core/org/hibernate/boot/model/internal/ToOneBinder.java,140,pmd:ExcessiveParameterList
hibernate-core/org/hibernate/boot/model/internal/ToOneBinder.java,466,pmd:ExcessiveParameterList
hibernate-core/org/hibernate/boot/model/process/internal/InferredBasicValueResolver.java,55,pmd:NcssCount
hibernate-core/org/hibernate/boot/model/process/internal/InferredBasicValueResolver.java,55,pmd:ExcessiveParameterList
hibernate-core/org/hibernate/boot/model/process/spi/MetadataBuildingProcess.java,670,pmd:NcssCount
hibernate-core/org/hibernate/boot/model/relational/ColumnOrderingStrategyStandard.java,132,pmd:NcssCount
hibernate-core/org/hibernate/boot/model/source/internal/OverriddenMappingDefaults.java,37,pmd:ExcessiveParameterList
hibernate-core/org/hibernate/boot/model/source/internal/hbm/ModelBinder.java,120,pmd:NcssCount
hibernate-core/org/hibernate/boot/model/source/internal/hbm/ModelBinder.java,861,pmd:NcssCount
hibernate-core/org/hibernate/boot/model/source/internal/hbm/ModelBinder.java,2303,pmd:ExcessiveParameterList
hibernate-core/org/hibernate/boot/models/xml/internal/SimpleTypeInterpretation.java,112,pmd:NcssCount
hibernate-core/org/hibernate/boot/models/xml/internal/XmlAnnotationHelper.java,984,pmd:NcssCount
hibernate-core/org/hibernate/boot/registry/selector/internal/DefaultDialectSelector.java,31,pmd:NcssCount
hibernate-core/org/hibernate/boot/spi/AbstractNamedQueryDefinition.java,41,pmd:ExcessiveParameterList
hibernate-core/org/hibernate/bytecode/enhance/internal/bytebuddy/EnhancerImpl.java,161,pmd:NcssCount
hibernate-core/org/hibernate/bytecode/enhance/internal/bytebuddy/GetPropertyValues.java,50,pmd:NcssCount
hibernate-core/org/hibernate/bytecode/enhance/internal/bytebuddy/SetPropertyValues.java,49,pmd:NcssCount
hibernate-core/org/hibernate/dialect/CockroachDialect.java,413,pmd:NcssCount
hibernate-core/org/hibernate/dialect/DB2Dialect.java,323,pmd:NcssCount
hibernate-core/org/hibernate/dialect/Dialect.java,327,pmd:NcssCount
hibernate-core/org/hibernate/dialect/Dialect.java,1106,pmd:NcssCount
hibernate-core/org/hibernate/dialect/Dialect.java,1488,pmd:NcssCount
hibernate-core/org/hibernate/dialect/Dialect.java,1577,pmd:NcssCount
hibernate-core/org/hibernate/dialect/H2Dialect.java,267,pmd:NcssCount
hibernate-core/org/hibernate/dialect/HANADialect.java,437,pmd:NcssCount
hibernate-core/org/hibernate/dialect/HANADialect.java,733,pmd:NcssCount
hibernate-core/org/hibernate/dialect/HSQLDialect.java,142,pmd:NcssCount
hibernate-core/org/hibernate/dialect/MySQLDialect.java,588,pmd:NcssCount
hibernate-core/org/hibernate/dialect/OracleDialect.java,295,pmd:NcssCount
hibernate-core/org/hibernate/dialect/OracleDialect.java,515,pmd:NcssCount
hibernate-core/org/hibernate/dialect/PostgreSQLDialect.java,558,pmd:NcssCount
hibernate-core/org/hibernate/dialect/SQLServerDialect.java,362,pmd:NcssCount
hibernate-core/org/hibernate/dialect/SpannerDialect.java,199,pmd:NcssCount
hibernate-core/org/hibernate/dialect/SybaseASEDialect.java,360,pmd:NcssCount
hibernate-core/org/hibernate/dialect/aggregate/DB2AggregateSupport.java,75,pmd:NcssCount
hibernate-core/org/hibernate/dialect/aggregate/HANAAggregateSupport.java,75,pmd:NcssCount
hibernate-core/org/hibernate/dialect/aggregate/OracleAggregateSupport.java,97,pmd:NcssCount
hibernate-core/org/hibernate/dialect/aggregate/SQLServerAggregateSupport.java,53,pmd:NcssCount
hibernate-core/org/hibernate/dialect/function/AggregateWindowEmulationQueryTransformer.java,90,pmd:NcssCount
hibernate-core/org/hibernate/dialect/function/CountFunction.java,147,pmd:NcssCount
hibernate-core/org/hibernate/dialect/function/CteGenerateSeriesFunction.java,194,pmd:NcssCount
hibernate-core/org/hibernate/dialect/function/FormatFunction.java,197,pmd:NcssCount
hibernate-core/org/hibernate/dialect/function/array/H2ArrayToStringFunction.java,38,pmd:NcssCount
hibernate-core/org/hibernate/dialect/function/array/HSQLArrayToStringFunction.java,33,pmd:NcssCount
hibernate-core/org/hibernate/dialect/function/array/OracleArrayToStringFunction.java,35,pmd:NcssCount
hibernate-core/org/hibernate/dialect/function/json/PostgreSQLJsonMergepatchFunction.java,27,pmd:NcssCount
hibernate-core/org/hibernate/dialect/function/json/SQLServerJsonQueryFunction.java,54,pmd:NcssCount
hibernate-core/org/hibernate/dialect/function/json/SQLServerJsonTableFunction.java,109,pmd:NcssCount
hibernate-core/org/hibernate/dialect/sql/ast/OracleSqlAstTranslator.java,523,pmd:NcssCount
hibernate-core/org/hibernate/dialect/sql/ast/SybaseASESqlAstTranslator.java,322,pmd:NcssCount
hibernate-core/org/hibernate/dialect/type/AbstractPostgreSQLStructJdbcType.java,268,pmd:NcssCount
hibernate-core/org/hibernate/dialect/type/AbstractPostgreSQLStructJdbcType.java,648,pmd:NcssCount
hibernate-core/org/hibernate/dialect/type/AbstractPostgreSQLStructJdbcType.java,1162,pmd:NcssCount
hibernate-core/org/hibernate/engine/internal/Cascade.java,200,pmd:ExcessiveParameterList
hibernate-core/org/hibernate/engine/internal/Cascade.java,423,pmd:ExcessiveParameterList
hibernate-core/org/hibernate/engine/internal/Cascade.java,471,pmd:ExcessiveParameterList
hibernate-core/org/hibernate/engine/internal/Cascade.java,512,pmd:ExcessiveParameterList
hibernate-core/org/hibernate/engine/internal/Cascade.java,554,pmd:ExcessiveParameterList
hibernate-core/org/hibernate/engine/internal/EntityEntryImpl.java,101,pmd:ExcessiveParameterList
hibernate-core/org/hibernate/engine/internal/ImmutableEntityEntryFactory.java,32,pmd:ExcessiveParameterList
hibernate-core/org/hibernate/engine/internal/MutableEntityEntryFactory.java,32,pmd:ExcessiveParameterList
hibernate-core/org/hibernate/engine/internal/SessionMetricsLogger.java,47,pmd:ExcessiveParameterList
hibernate-core/org/hibernate/engine/internal/StatefulPersistenceContext.java,634,pmd:ExcessiveParameterList
hibernate-core/org/hibernate/engine/internal/StatefulPersistenceContext.java,1949,pmd:NcssCount
hibernate-core/org/hibernate/engine/jdbc/connections/internal/DatabaseConnectionInfoImpl.java,51,pmd:ExcessiveParameterList
hibernate-core/org/hibernate/engine/jdbc/env/internal/JdbcEnvironmentInitiator.java,562,pmd:ExcessiveParameterList
hibernate-core/org/hibernate/engine/jdbc/env/internal/NormalizingIdentifierHelperImpl.java,35,pmd:ExcessiveParameterList
hibernate-core/org/hibernate/engine/jdbc/internal/BasicFormatterImpl.java,66,pmd:NcssCount
hibernate-core/org/hibernate/engine/spi/EntityEntryFactory.java,25,pmd:ExcessiveParameterList
hibernate-core/org/hibernate/engine/spi/PersistenceContext.java,252,pmd:ExcessiveParameterList
hibernate-core/org/hibernate/internal/ExceptionConverterImpl.java,81,pmd:NcssCount
hibernate-core/org/hibernate/internal/SessionFactoryImpl.java,209,pmd:NcssCount
hibernate-core/org/hibernate/internal/StatelessSessionImpl.java,198,pmd:NcssCount
hibernate-core/org/hibernate/internal/log/StatisticsLogger.java,83,pmd:ExcessiveParameterList
hibernate-core/org/hibernate/jpa/boot/internal/EntityManagerFactoryBuilderImpl.java,863,pmd:NcssCount
hibernate-core/org/hibernate/loader/ast/internal/LoaderHelper.java,217,pmd:ExcessiveParameterList
hibernate-core/org/hibernate/loader/ast/internal/LoaderSelectBuilder.java,270,pmd:ExcessiveParameterList
hibernate-core/org/hibernate/metamodel/internal/MetadataContext.java,289,pmd:NcssCount
hibernate-core/org/hibernate/metamodel/mapping/internal/AbstractEmbeddableMapping.java,260,pmd:NcssCount
hibernate-core/org/hibernate/metamodel/mapping/internal/AbstractEmbeddableMapping.java,260,pmd:ExcessiveParameterList
hibernate-core/org/hibernate/metamodel/mapping/internal/AnyDiscriminatorPart.java,73,pmd:ExcessiveParameterList
hibernate-core/org/hibernate/metamodel/mapping/internal/AnyDiscriminatorPart.java,115,pmd:ExcessiveParameterList
hibernate-core/org/hibernate/metamodel/mapping/internal/AnyKeyPart.java,59,pmd:ExcessiveParameterList
hibernate-core/org/hibernate/metamodel/mapping/internal/AnyKeyPart.java,97,pmd:ExcessiveParameterList
hibernate-core/org/hibernate/metamodel/mapping/internal/BasicAttributeMapping.java,69,pmd:ExcessiveParameterList
hibernate-core/org/hibernate/metamodel/mapping/internal/BasicAttributeMapping.java,126,pmd:ExcessiveParameterList
hibernate-core/org/hibernate/metamodel/mapping/internal/BasicEntityIdentifierMappingImpl.java,76,pmd:ExcessiveParameterList
hibernate-core/org/hibernate/metamodel/mapping/internal/BasicEntityIdentifierMappingImpl.java,108,pmd:ExcessiveParameterList
hibernate-core/org/hibernate/metamodel/mapping/internal/DiscriminatedAssociationAttributeMapping.java,68,pmd:ExcessiveParameterList
hibernate-core/org/hibernate/metamodel/mapping/internal/EmbeddableMappingTypeImpl.java,112,pmd:ExcessiveParameterList
hibernate-core/org/hibernate/metamodel/mapping/internal/EmbeddableMappingTypeImpl.java,385,pmd:NcssCount
hibernate-core/org/hibernate/metamodel/mapping/internal/EmbeddedAttributeMapping.java,68,pmd:ExcessiveParameterList
hibernate-core/org/hibernate/metamodel/mapping/internal/EmbeddedAttributeMapping.java,97,pmd:ExcessiveParameterList
hibernate-core/org/hibernate/metamodel/mapping/internal/EntityVersionMappingImpl.java,62,pmd:ExcessiveParameterList
hibernate-core/org/hibernate/metamodel/mapping/internal/EntityVersionMappingImpl.java,92,pmd:ExcessiveParameterList
hibernate-core/org/hibernate/metamodel/mapping/internal/ExplicitColumnDiscriminatorMappingImpl.java,40,pmd:ExcessiveParameterList
hibernate-core/org/hibernate/metamodel/mapping/internal/ExplicitColumnDiscriminatorMappingImpl.java,71,pmd:ExcessiveParameterList
hibernate-core/org/hibernate/metamodel/mapping/internal/MappingModelCreationHelper.java,192,pmd:ExcessiveParameterList
hibernate-core/org/hibernate/metamodel/mapping/internal/MappingModelCreationHelper.java,249,pmd:ExcessiveParameterList
hibernate-core/org/hibernate/metamodel/mapping/internal/MappingModelCreationHelper.java,335,pmd:ExcessiveParameterList
hibernate-core/org/hibernate/metamodel/mapping/internal/MappingModelCreationHelper.java,364,pmd:ExcessiveParameterList
hibernate-core/org/hibernate/metamodel/mapping/internal/MappingModelCreationHelper.java,527,pmd:NcssCount
hibernate-core/org/hibernate/metamodel/mapping/internal/MappingModelCreationHelper.java,527,pmd:ExcessiveParameterList
hibernate-core/org/hibernate/metamodel/mapping/internal/MappingModelCreationHelper.java,895,pmd:NcssCount
hibernate-core/org/hibernate/metamodel/mapping/internal/MappingModelCreationHelper.java,1158,pmd:ExcessiveParameterList
hibernate-core/org/hibernate/metamodel/mapping/internal/MappingModelCreationHelper.java,1844,pmd:ExcessiveParameterList
hibernate-core/org/hibernate/metamodel/mapping/internal/MappingModelCreationHelper.java,1872,pmd:ExcessiveParameterList
hibernate-core/org/hibernate/metamodel/mapping/internal/PluralAttributeMappingImpl.java,122,pmd:ExcessiveParameterList
hibernate-core/org/hibernate/metamodel/mapping/internal/SelectableMappingImpl.java,37,pmd:ExcessiveParameterList
hibernate-core/org/hibernate/metamodel/mapping/internal/SelectableMappingImpl.java,77,pmd:ExcessiveParameterList
hibernate-core/org/hibernate/metamodel/mapping/internal/SelectableMappingImpl.java,112,pmd:ExcessiveParameterList
hibernate-core/org/hibernate/metamodel/mapping/internal/SelectableMappingImpl.java,138,pmd:ExcessiveParameterList
hibernate-core/org/hibernate/metamodel/mapping/internal/SelectableMappingImpl.java,166,pmd:ExcessiveParameterList
hibernate-core/org/hibernate/metamodel/mapping/internal/SelectableMappingImpl.java,194,pmd:ExcessiveParameterList
hibernate-core/org/hibernate/metamodel/mapping/internal/SelectableMappingsImpl.java,55,pmd:ExcessiveParameterList
hibernate-core/org/hibernate/metamodel/mapping/internal/SelectableMappingsImpl.java,81,pmd:ExcessiveParameterList
hibernate-core/org/hibernate/metamodel/mapping/internal/ToOneAttributeMapping.java,200,pmd:ExcessiveParameterList
hibernate-core/org/hibernate/metamodel/mapping/internal/ToOneAttributeMapping.java,228,pmd:NcssCount
hibernate-core/org/hibernate/metamodel/mapping/internal/ToOneAttributeMapping.java,228,pmd:ExcessiveParameterList
hibernate-core/org/hibernate/metamodel/mapping/internal/VirtualEmbeddedAttributeMapping.java,24,pmd:ExcessiveParameterList
hibernate-core/org/hibernate/metamodel/mapping/internal/VirtualEmbeddedAttributeMapping.java,53,pmd:ExcessiveParameterList
hibernate-core/org/hibernate/metamodel/model/domain/internal/SingularAttributeImpl.java,56,pmd:ExcessiveParameterList
hibernate-core/org/hibernate/persister/collection/AbstractCollectionPersister.java,244,pmd:NcssCount
hibernate-core/org/hibernate/persister/entity/AbstractEntityPersister.java,305,pmd:NcssCount
hibernate-core/org/hibernate/persister/entity/AbstractEntityPersister.java,457,pmd:NcssCount
hibernate-core/org/hibernate/persister/entity/AbstractEntityPersister.java,3273,pmd:ExcessiveParameterList
hibernate-core/org/hibernate/persister/entity/AbstractEntityPersister.java,5225,pmd:NcssCount
hibernate-core/org/hibernate/persister/entity/AbstractEntityPersister.java,5469,pmd:ExcessiveParameterList
hibernate-core/org/hibernate/persister/entity/AbstractEntityPersister.java,5503,pmd:ExcessiveParameterList
hibernate-core/org/hibernate/persister/entity/JoinedSubclassEntityPersister.java,148,pmd:NcssCount
hibernate-core/org/hibernate/persister/entity/SingleTableEntityPersister.java,104,pmd:NcssCount
hibernate-core/org/hibernate/persister/entity/UnionSubclassEntityPersister.java,88,pmd:NcssCount
hibernate-core/org/hibernate/persister/entity/mutation/EntityTableMapping.java,59,pmd:ExcessiveParameterList
hibernate-core/org/hibernate/persister/entity/mutation/MergeCoordinator.java,31,pmd:ExcessiveParameterList
hibernate-core/org/hibernate/persister/entity/mutation/UpdateCoordinatorStandard.java,247,pmd:ExcessiveParameterList
hibernate-core/org/hibernate/persister/entity/mutation/UpdateCoordinatorStandard.java,603,pmd:ExcessiveParameterList
hibernate-core/org/hibernate/procedure/internal/NamedCallableQueryMementoImpl.java,46,pmd:ExcessiveParameterList
hibernate-core/org/hibernate/procedure/internal/PostgreSQLCallableStatementSupport.java,63,pmd:NcssCount
hibernate-core/org/hibernate/proxy/pojo/bytebuddy/SerializableProxy.java,35,pmd:ExcessiveParameterList
hibernate-core/org/hibernate/query/criteria/internal/NamedCriteriaQueryMementoImpl.java,39,pmd:ExcessiveParameterList
hibernate-core/org/hibernate/query/hql/internal/NamedHqlQueryMementoImpl.java,44,pmd:ExcessiveParameterList
hibernate-core/org/hibernate/query/hql/internal/SemanticQueryBuilder.java,247,pmd:NcssCount
hibernate-core/org/hibernate/query/hql/internal/SemanticQueryBuilder.java,493,pmd:NcssCount
hibernate-core/org/hibernate/query/hql/internal/SemanticQueryBuilder.java,1502,pmd:NcssCount
hibernate-core/org/hibernate/query/hql/internal/SemanticQueryBuilder.java,5932,pmd:NcssCount
hibernate-core/org/hibernate/query/named/AbstractNamedQueryMemento.java,36,pmd:ExcessiveParameterList
hibernate-core/org/hibernate/query/sql/internal/NamedNativeQueryMementoImpl.java,36,pmd:ExcessiveParameterList
hibernate-core/org/hibernate/query/sql/internal/ParameterParser.java,51,pmd:NcssCount
hibernate-core/org/hibernate/query/sqm/function/SelfRenderingSqmOrderedSetAggregateFunction.java,39,pmd:ExcessiveParameterList
hibernate-core/org/hibernate/query/sqm/function/SelfRenderingSqmWindowFunction.java,36,pmd:ExcessiveParameterList
hibernate-core/org/hibernate/query/sqm/internal/SqmCriteriaNodeBuilder.java,182,pmd:NcssCount
hibernate-core/org/hibernate/query/sqm/mutation/internal/cte/CteInsertHandler.java,129,pmd:NcssCount
hibernate-core/org/hibernate/query/sqm/mutation/internal/cte/CteInsertHandler.java,638,pmd:NcssCount
hibernate-core/org/hibernate/query/sqm/mutation/internal/cte/CteInsertHandler.java,1046,pmd:NcssCount
hibernate-core/org/hibernate/query/sqm/mutation/internal/cte/CteUpdateHandler.java,75,pmd:NcssCount
hibernate-core/org/hibernate/query/sqm/mutation/internal/inline/InlineUpdateHandler.java,250,pmd:NcssCount
hibernate-core/org/hibernate/query/sqm/mutation/internal/temptable/TableBasedInsertHandler.java,132,pmd:NcssCount
hibernate-core/org/hibernate/query/sqm/mutation/internal/temptable/TableBasedInsertHandler.java,487,pmd:NcssCount
hibernate-core/org/hibernate/query/sqm/mutation/internal/temptable/TableBasedUpdateHandler.java,102,pmd:NcssCount
hibernate-core/org/hibernate/query/sqm/produce/function/internal/PatternRenderer.java,193,pmd:NcssCount
hibernate-core/org/hibernate/query/sqm/sql/BaseSqmToSqlAstConverter.java,466,pmd:NcssCount
hibernate-core/org/hibernate/query/sqm/sql/BaseSqmToSqlAstConverter.java,3383,pmd:NcssCount
hibernate-core/org/hibernate/query/sqm/sql/BaseSqmToSqlAstConverter.java,4237,pmd:NcssCount
hibernate-core/org/hibernate/query/sqm/sql/BaseSqmToSqlAstConverter.java,5012,pmd:NcssCount
hibernate-core/org/hibernate/query/sqm/sql/BaseSqmToSqlAstConverter.java,6708,pmd:NcssCount
hibernate-core/org/hibernate/query/sqm/sql/BaseSqmToSqlAstConverter.java,7483,pmd:NcssCount
hibernate-core/org/hibernate/query/sqm/sql/BaseSqmToSqlAstConverter.java,8403,pmd:NcssCount
hibernate-core/org/hibernate/query/sqm/sql/internal/SqlAstQueryPartProcessingStateImpl.java,93,pmd:NcssCount
hibernate-core/org/hibernate/query/sqm/tree/cte/SqmCteStatement.java,335,pmd:NcssCount
hibernate-core/org/hibernate/query/sqm/tree/expression/SqmFunction.java,74,pmd:NcssCount
hibernate-core/org/hibernate/query/sqm/tuple/internal/AnonymousTupleEmbeddableValuedModelPart.java,84,pmd:ExcessiveParameterList
hibernate-core/org/hibernate/query/sqm/tuple/internal/AnonymousTupleTableGroupProducer.java,146,pmd:ExcessiveParameterList
hibernate-core/org/hibernate/sql/Template.java,144,pmd:NcssCount
hibernate-core/org/hibernate/sql/ast/spi/AbstractSqlAstTranslator.java,246,pmd:NcssCount
hibernate-core/org/hibernate/sql/ast/spi/AbstractSqlAstTranslator.java,2091,pmd:NcssCount
hibernate-core/org/hibernate/sql/ast/spi/AbstractSqlAstTranslator.java,2582,pmd:NcssCount
hibernate-core/org/hibernate/sql/ast/spi/AbstractSqlAstTranslator.java,2718,pmd:NcssCount
hibernate-core/org/hibernate/sql/ast/spi/AbstractSqlAstTranslator.java,2913,pmd:NcssCount
hibernate-core/org/hibernate/sql/ast/spi/AbstractSqlAstTranslator.java,3971,pmd:NcssCount
hibernate-core/org/hibernate/sql/ast/spi/AbstractSqlAstTranslator.java,4956,pmd:NcssCount
hibernate-core/org/hibernate/sql/ast/spi/AbstractSqlAstTranslator.java,5175,pmd:NcssCount
hibernate-core/org/hibernate/sql/ast/spi/AbstractSqlAstTranslator.java,5898,pmd:NcssCount
hibernate-core/org/hibernate/sql/ast/spi/AbstractSqlAstTranslator.java,6434,pmd:NcssCount
hibernate-core/org/hibernate/sql/ast/spi/AbstractSqlAstTranslator.java,7675,pmd:NcssCount
hibernate-core/org/hibernate/sql/ast/spi/AbstractSqlAstTranslator.java,8318,pmd:NcssCount
hibernate-core/org/hibernate/sql/ast/tree/cte/CteStatement.java,50,pmd:ExcessiveParameterList
hibernate-core/org/hibernate/sql/ast/tree/from/CollectionTableGroup.java,25,pmd:ExcessiveParameterList
hibernate-core/org/hibernate/sql/ast/tree/from/FunctionTableGroup.java,25,pmd:ExcessiveParameterList
hibernate-core/org/hibernate/sql/ast/tree/from/LazyTableGroup.java,43,pmd:ExcessiveParameterList
hibernate-core/org/hibernate/sql/ast/tree/from/StandardTableGroup.java,54,pmd:ExcessiveParameterList
hibernate-core/org/hibernate/sql/ast/tree/from/StandardTableGroup.java,74,pmd:ExcessiveParameterList
hibernate-core/org/hibernate/sql/exec/internal/JdbcOperationQuerySelect.java,60,pmd:ExcessiveParameterList
hibernate-core/org/hibernate/sql/exec/spi/JdbcSelectExecutor.java,192,pmd:NcssCount
hibernate-core/org/hibernate/sql/exec/spi/JdbcSelectExecutor.java,212,pmd:ExcessiveParameterList
hibernate-core/org/hibernate/sql/results/graph/basic/BasicFetch.java,61,pmd:ExcessiveParameterList
hibernate-core/org/hibernate/sql/results/graph/collection/internal/ArrayInitializer.java,38,pmd:ExcessiveParameterList
hibernate-core/org/hibernate/sql/results/graph/collection/internal/BagInitializer.java,40,pmd:ExcessiveParameterList
hibernate-core/org/hibernate/sql/results/graph/collection/internal/ListInitializer.java,40,pmd:ExcessiveParameterList
hibernate-core/org/hibernate/sql/results/graph/collection/internal/MapInitializer.java,40,pmd:ExcessiveParameterList
hibernate-core/org/hibernate/sql/results/graph/entity/internal/EntityInitializerImpl.java,202,pmd:NcssCount
hibernate-core/org/hibernate/sql/results/graph/entity/internal/EntityInitializerImpl.java,202,pmd:ExcessiveParameterList
hibernate-core/org/hibernate/sql/results/graph/entity/internal/EntityInitializerImpl.java,983,pmd:NcssCount
hibernate-core/org/hibernate/tool/schema/internal/AbstractSchemaMigrator.java,143,pmd:ExcessiveParameterList
hibernate-core/org/hibernate/tool/schema/internal/AbstractSchemaMigrator.java,511,pmd:ExcessiveParameterList
hibernate-core/org/hibernate/tool/schema/internal/GroupedSchemaMigratorImpl.java,41,pmd:ExcessiveParameterList
hibernate-core/org/hibernate/tool/schema/internal/IndividuallySchemaMigratorImpl.java,37,pmd:ExcessiveParameterList
hibernate-core/org/hibernate/tool/schema/internal/SchemaCreatorImpl.java,348,pmd:ExcessiveParameterList
hibernate-core/org/hibernate/tool/schema/internal/SchemaCreatorImpl.java,387,pmd:ExcessiveParameterList
hibernate-core/org/hibernate/tool/schema/internal/SchemaCreatorImpl.java,428,pmd:ExcessiveParameterList
hibernate-core/org/hibernate/tool/schema/internal/SchemaDropperImpl.java,320,pmd:ExcessiveParameterList
hibernate-core/org/hibernate/tool/schema/internal/SchemaDropperImpl.java,345,pmd:ExcessiveParameterList
hibernate-core/org/hibernate/tuple/StandardProperty.java,31,pmd:ExcessiveParameterList
hibernate-core/org/hibernate/tuple/entity/EntityMetamodel.java,161,pmd:NcssCount
hibernate-core/org/hibernate/type/OneToOneType.java,31,pmd:ExcessiveParameterList
hibernate-core/org/hibernate/type/SpecialOneToOneType.java,26,pmd:ExcessiveParameterList
hibernate-core/org/hibernate/type/StandardBasicTypes.java,808,pmd:NcssCount
hibernate-core/org/hibernate/type/descriptor/jdbc/JsonHelper.java,57,pmd:NcssCount
hibernate-core/org/hibernate/type/descriptor/jdbc/StructJdbcType.java,249,pmd:NcssCount
hibernate-core/org/hibernate/type/descriptor/jdbc/XmlHelper.java,428,pmd:NcssCount
hibernate-core/org/hibernate/type/descriptor/jdbc/XmlHelper.java,815,pmd:NcssCount
hibernate-core/org/hibernate/type/format/OsonDocumentWriter.java,142,pmd:NcssCount
hibernate-core/org/hibernate/type/format/StringJsonDocumentWriter.java,258,pmd:NcssCount
hibernate-core/org/hibernate/type/format/jaxb/JaxbXmlFormatMapper.java,75,pmd:NcssCount
hibernate-core/org/hibernate/type/format/jaxb/JaxbXmlFormatMapper.java,277,pmd:NcssCount
hibernate-core/org/hibernate/type/spi/TypeConfiguration.java,332,pmd:NcssCount
hibernate-envers/org/hibernate/envers/configuration/internal/metadata/ValueMetadataGenerator.java,51,pmd:ExcessiveParameterList
hibernate-envers/org/hibernate/envers/internal/entities/RelationDescription.java,47,pmd:ExcessiveParameterList
hibernate-envers/org/hibernate/envers/internal/entities/mapper/relation/lazy/initializor/SortedMapCollectionInitializor.java,25,pmd:ExcessiveParameterList
hibernate-envers/org/hibernate/envers/internal/synchronization/work/FakeBidirectionalRelationWorkUnit.java,33,pmd:ExcessiveParameterList
hibernate-envers/org/hibernate/envers/query/internal/impl/AbstractAuditAssociationQuery.java,70,pmd:ExcessiveParameterList
hibernate-envers/org/hibernate/envers/query/internal/impl/AbstractAuditAssociationQuery.java,336,pmd:NcssCount
hibernate-envers/org/hibernate/envers/query/internal/impl/EntitiesAtRevisionAssociationQuery.java,30,pmd:ExcessiveParameterList
hibernate-envers/org/hibernate/envers/query/internal/impl/RevisionsOfEntityAssociationQuery.java,26,pmd:ExcessiveParameterList
hibernate-envers/org/hibernate/envers/strategy/internal/DefaultAuditStrategy.java,79,pmd:ExcessiveParameterList
hibernate-envers/org/hibernate/envers/strategy/internal/DefaultAuditStrategy.java,119,pmd:ExcessiveParameterList
hibernate-envers/org/hibernate/envers/strategy/internal/ValidityAuditStrategy.java,294,pmd:ExcessiveParameterList
hibernate-envers/org/hibernate/envers/strategy/internal/ValidityAuditStrategy.java,318,pmd:ExcessiveParameterList
hibernate-envers/org/hibernate/envers/strategy/spi/AuditStrategy.java,105,pmd:ExcessiveParameterList
hibernate-envers/org/hibernate/envers/strategy/spi/AuditStrategy.java,137,pmd:ExcessiveParameterList
tooling/hibernate-ant/org/hibernate/tool/enhance/EnhancementTask.java,114,pmd:NcssCount
tooling/hibernate-ant/org/hibernate/tool/hbm2ddl/SchemaExport.java,517,pmd:NcssCount
tooling/metamodel-generator/org/hibernate/processor/annotation/AbstractCriteriaMethod.java,26,pmd:ExcessiveParameterList
tooling/metamodel-generator/org/hibernate/processor/annotation/AbstractFinderMethod.java,23,pmd:ExcessiveParameterList
tooling/metamodel-generator/org/hibernate/processor/annotation/AbstractQueryMethod.java,58,pmd:ExcessiveParameterList
tooling/metamodel-generator/org/hibernate/processor/annotation/AbstractQueryMethod.java,709,pmd:NcssCount
tooling/metamodel-generator/org/hibernate/processor/annotation/AnnotationMetaEntity.java,123,pmd:NcssCount
tooling/metamodel-generator/org/hibernate/processor/annotation/CriteriaDeleteMethod.java,19,pmd:ExcessiveParameterList
tooling/metamodel-generator/org/hibernate/processor/annotation/CriteriaFinderMethod.java,19,pmd:ExcessiveParameterList
tooling/metamodel-generator/org/hibernate/processor/annotation/IdFinderMethod.java,23,pmd:ExcessiveParameterList
tooling/metamodel-generator/org/hibernate/processor/annotation/LifecycleMethod.java,53,pmd:ExcessiveParameterList
tooling/metamodel-generator/org/hibernate/processor/annotation/NaturalIdFinderMethod.java,23,pmd:ExcessiveParameterList
tooling/metamodel-generator/org/hibernate/processor/annotation/QueryMethod.java,29,pmd:ExcessiveParameterList
tooling/metamodel-generator/org/hibernate/processor/annotation/RepositoryConstructor.java,38,pmd:ExcessiveParameterList
